1     2
     1     2
     1     3
     1     4
     1     5
     1     6
     1    33
     1    93
     1    93
     2     6
     2   113
     2   114
     3    33
     4    33
     5    33
     6     7
     6     9
     6    10
     6    12
     6    12
     7     8
     7    66
     7   104
     7   104
     8    66
     8    66
     9    11
     9    69
    10    32
    10    69
    11    69
    12    13
    12    13
    12    13
    12    14
    12    14
    12    25
    12    25
    12    72
    12    72
    12    72
    13    72
    13    72
    13    72
    14    15
    14    16
    14    17
    14    17
    14    58
    15    58
    16    58
    17    18
    17    19
    17    20
    17    21
    17    22
    17    59
    18    59
    19    59
    20    59
    21    59
    22    23
    22    24
    22    30
    22    78
    22    83
    23    83
    23    83
    24    76
    24    77
    25    26
    25    27
    25    27
    25    31
    25    73
    25    74
    26    73
    27    28
    27    29
    27    75
    28    75
    29    75
    30    78
    31    74
    32    69
    33    34
    33    35
    33    37
    33    38
    33    39
    33    40
    33    49
    33    50
    33   110
    33   110
    34    36
    36    99
    37    87
    37    88
    38    88
    39    43
    39    84
    40    44
    40    84
    41    42
    41    43
    42    44
    43    46
    44    45
    45    61
    45    85
    46    61
    46    85
    47    48
    47    50
    47    87
    48    49
    48    87
    49    51
    50    51
    51    52
    51    53
    51    56
    51    57
    52    53
    52    54
    53    55
    54    55
    54    61
    55    61
    56    57
    56    58
    57    58
    58    59
    58    72
    58    87
    58    98
    58   100
    58   103
    59    60
    59    72
    59    79
    59    80
    59    89
    59    92
    59    94
    59    98
    59   100
    59   103
    59   107
    60   135
    60    79
    60    80
    60    90
    60    92
    60    94
    60    95
    60   138
    61    62
    61    62
    61    63
    61    63
    61    64
    61    65
    61    86
    61    86
    61    86
    62    86
    62    86
    63    64
    63    65
    63    66
    63    67
    63    69
    63   102
    63   102
    63   102
    63   102
    63   116
    63   117
    63   118
    63   124
    64    65
    64    66
    64    67
    64    69
    64    97
    64   124
    65    66
    65    67
    65    69
    65    97
    65   124
    66    67
    66    68
    66    69
    66    97
    66   111
    66   111
    66   111
    66   111
    66   124
    67    68
    67    69
    67    97
    67   119
    67   120
    67   121
    67   122
    67   124
    67   125
    67   132
    68    69
    69    70
    69    71
    69    72
    69    73
    69    74
    69    97
    69   101
    69   112
    69   124
    70    71
    70    72
    70    73
    70    74
    70   101
    70   112
    71    72
    71    73
    71    74
    71   101
    71   112
    72    73
    72    74
    72    98
    72   100
    72   101
    72   103
    72   112
    73    74
    73    75
    73    81
    73    82
    73    91
    73    96
    73   101
    73   105
    73   105
    73   105
    73   108
    73   109
    73   112
    73   121
    74    75
    74    81
    74    82
    74    91
    74    96
    74   101
    74   106
    74   106
    74   108
    74   109
    74   112
    74   121
    75    82
    75    91
    75    96
    75   108
    75   109
    75   121
    76    77
    76    89
    79    80
    79    90
    79    92
    79    94
    79    95
    79   107
    80    90
    80    92
    80    94
    82    91
    82   108
    82   109
    82   121
    83    89
    89   103
    90    92
    90    94
    91    96
    91   108
    91   109
    91   121
    92    94
    92   107
    94    95
    94   138
    95   138
    96   108
    97   124
    98   100
    98   103
   100   103
   101   112
   102   117
   102   118
   108   109
   108   121
   109   121
   115   116
   115   117
   115   118
   115   143
   116   117
   116   118
   116   143
   117   118
   117   143
   118   131
   118   132
   118   143
   119   120
   119   121
   119   122
   119   124
   119   125
   119   126
   119   127
   119   128
   119   129
   119   130
   119   131
   119   132
   119   144
   120   121
   120   122
   120   123
   120   124
   120   125
   120   127
   120   128
   120   129
   120   130
   120   131
   120   132
   121   122
   121   123
   121   124
   121   125
   121   127
   121   128
   121   129
   121   131
   121   132
   122   123
   122   124
   122   125
   122   131
   122   132
   122   133
   122   143
   123   124
   123   125
   123   131
   123   132
   124   125
   124   128
   124   131
   124   132
   124   133
   124   143
   125   127
   125   128
   125   129
   125   130
   125   131
   125   132
   127   128
   127   129
   128   129
   128   130
   128   131
   130   131
   130   132
   130   144
   131   132
   131   133
   131   143
   131   144
   132   133
   132   143
   132   144
   133   143
   134   131
   134   136
   134   139
   134   141
   134   142
   134   144
   134   145
   135    95
   135   136
   135   138
   135   141
   136   115
   136   116
   136   117
   136   118
   136   138
   136   139
   136   140
   136   141
   136   142
   136   143
   136   145
   137   139
   137   140
   137   145
   139   140
   139   141
   139   142
   139   145
   140   145
   141   115
   141   116
   141   117
   141   118
   141   131
   141   132
   141   142
   141   143
   141   144
   141   145
   142   115
   142   116
   142   117
   142   118
   142   119
   142   120
   142   122
   142   124
   142   125
   142   130
   142   131
   142   132
   142   133
   142   143
   142   144
   142   145
   143   144
   144   145
   