   8.0426000e-06
   7.8111000e-06
   8.3148000e-06
   8.3145000e-06
   8.2926000e-06
   7.1855000e-06
   6.6236000e-06
   6.2840000e-06
   6.8164000e-06
   6.8547000e-06
   6.7491000e-06
   7.0254000e-06
   6.9878000e-06
   7.3711000e-06
   7.5049000e-06
   7.5073000e-06
   7.3637000e-06
   7.2777000e-06
   7.2832000e-06
   7.3029000e-06
   7.2761000e-06
   7.7472000e-06
   7.7538000e-06
   7.7967000e-06
   6.6363000e-06
   6.6080000e-06
   6.5021000e-06
   6.4522000e-06
   6.4587000e-06
   7.8385000e-06
   6.6094000e-06
   6.7853000e-06
   8.4380000e-06
   9.1728000e-06
   8.6727000e-06
   9.2441000e-06
   8.4359000e-06
   8.5383000e-06
   8.2203000e-06
   8.2281000e-06
   8.1469000e-06
   8.1426000e-06
   8.1108000e-06
   8.0960000e-06
   7.9037000e-06
   7.8985000e-06
   8.2666000e-06
   8.2689000e-06
   8.2328000e-06
   8.2223000e-06
   7.9587000e-06
   7.7168000e-06
   7.7122000e-06
   7.5550000e-06
   7.5641000e-06
   7.8750000e-06
   7.8711000e-06
   7.5255000e-06
   6.8865000e-06
   5.8453000e-06
   6.6871000e-06
   6.7697000e-06
   5.1738000e-06
   5.6152000e-06
   5.6143000e-06
   5.7187000e-06
   5.1164000e-06
   5.6268000e-06
   6.0924000e-06
   6.4663000e-06
   6.4686000e-06
   6.8474000e-06
   6.2983000e-06
   6.2993000e-06
   6.1920000e-06
   7.7663000e-06
   7.8041000e-06
   7.8388000e-06
   6.0330000e-06
   6.0748000e-06
   6.4265000e-06
   6.0662000e-06
   7.7257000e-06
   8.2474000e-06
   7.9224000e-06
   6.7637000e-06
   8.2576000e-06
   8.5147000e-06
   7.6014000e-06
   6.0233000e-06
   6.0890000e-06
   6.1034000e-06
   8.1125000e-06
   5.9405000e-06
   5.5565000e-06
   6.1865000e-06
   5.5397000e-06
   7.2919000e-06
   9.2772000e-06
   7.2914000e-06
   6.4672000e-06
   4.6914000e-06
   7.3539000e-06
   6.6564000e-06
   6.3801000e-06
   6.4192000e-06
   6.2522000e-06
   6.0787000e-06
   6.0666000e-06
   8.5579000e-06
   5.7614000e-06
   6.4663000e-06
   7.8805000e-06
   7.8886000e-06
   3.7719000e-06
   3.8785000e-06
   3.9853000e-06
   3.9950000e-06
   4.4328000e-06
   4.5067000e-06
   5.1470000e-06
   4.4368000e-06
   4.5316000e-06
   4.8112000e-06
   4.5211000e-06
   4.5531000e-06
   4.6200000e-06
   4.5291000e-06
   4.6245000e-06
   4.1395000e-06
   4.1186000e-06
   4.2346000e-06
   4.2237000e-06
   2.5070000e-06
   5.0160000e-06
   3.2439000e-06
   1.1690000e-06
   5.3139000e-06
   1.8316000e-06
   1.3705000e-06
   3.3980000e-06
   3.6616000e-06
   3.9022000e-06
   3.1620000e-06
   0.0000000e+00
   4.2673000e-01
   3.9683000e-01
   4.6262000e-01
   4.6182000e-01
   4.5884000e-01
   3.2331000e-01
   2.6028000e-01
   2.3049000e-01
   2.8591000e-01
   2.8829000e-01
   2.7838000e-01
   2.8001000e-01
   2.7160000e-01
   3.1228000e-01
   3.2704000e-01
   3.2720000e-01
   2.9836000e-01
   2.7627000e-01
   2.7733000e-01
   2.8118000e-01
   2.7659000e-01
   3.5437000e-01
   3.5200000e-01
   3.5891000e-01
   2.2572000e-01
   2.1554000e-01
   2.0732000e-01
   1.9792000e-01
   1.9861000e-01
   3.6893000e-01
   2.1696000e-01
   2.8013000e-01
   4.9974000e-01
   5.3584000e-01
   5.0386000e-01
   5.3646000e-01
   5.1057000e-01
   5.2347000e-01
   5.4665000e-01
   5.4652000e-01
   5.5550000e-01
   5.5514000e-01
   5.4413000e-01
   5.4317000e-01
   5.1678000e-01
   5.1589000e-01
   4.9484000e-01
   4.9493000e-01
   4.9011000e-01
   4.8917000e-01
   4.6071000e-01
   4.5422000e-01
   4.5409000e-01
   4.3960000e-01
   4.4079000e-01
   4.2827000e-01
   4.2757000e-01
   3.3713000e-01
   2.2616000e-01
   8.9817000e-02
   3.4081000e-01
   3.5586000e-01
   1.5152000e-01
   1.8226000e-01
   1.8205000e-01
   1.8039000e-01
   1.1714000e-01
   1.6424000e-01
   2.0266000e-01
   2.0466000e-01
   2.0516000e-01
   2.4826000e-01
   1.8070000e-01
   1.8015000e-01
   1.6411000e-01
   3.5152000e-01
   3.5903000e-01
   3.6897000e-01
   1.0006000e-01
   1.0101000e-01
   1.8435000e-01
   1.3672000e-01
   3.4581000e-01
   5.5093000e-01
   5.2070000e-01
   3.5504000e-01
   4.8631000e-01
   5.2212000e-01
   3.1428000e-01
   9.3373000e-02
   1.3812000e-01
   1.1442000e-01
   4.1963000e-01
   9.4538000e-02
   7.2825000e-02
   1.4685000e-01
   1.5774000e-01
   2.6954000e-01
   5.2944000e-01
   2.6883000e-01
   1.9611000e-01
   9.8611000e-02
   2.7704000e-01
   2.5324000e-01
   1.7369000e-01
   1.7313000e-01
   1.3308000e-01
   1.3758000e-01
   1.3700000e-01
   4.9257000e-01
   1.7335000e-01
   1.9634000e-01
   4.0087000e-01
   4.0087000e-01
   2.7267000e-02
   3.5978000e-02
   4.3750000e-02
   4.2137000e-02
   5.9223000e-02
   7.2475000e-02
   9.4422000e-02
   5.9606000e-02
   7.2421000e-02
   9.2834000e-02
   7.3217000e-02
   6.3153000e-02
   7.6347000e-02
   6.2048000e-02
   7.6514000e-02
   4.5372000e-02
   4.5702000e-02
   5.0727000e-02
   5.6070000e-02
   9.2609000e-03
   5.6899000e-02
   2.0533000e-02
  -1.2645000e-02
   7.3727000e-02
  -3.5868000e-03
  -1.0545000e-02
   2.3086000e-02
   3.3119000e-02
   3.4148000e-02
   2.3310000e-02
   0.0000000e+00
   9.8644000e-01
   9.8615000e-01
   9.8231000e-01
   9.8118000e-01
   9.8146000e-01
   9.8605000e-01
   9.9420000e-01
   9.9435000e-01
   9.9005000e-01
   9.8229000e-01
   9.9052000e-01
   9.8914000e-01
   9.8795000e-01
   9.8602000e-01
   9.8337000e-01
   9.8288000e-01
   9.9074000e-01
   9.9001000e-01
   9.8989000e-01
   9.8958000e-01
   9.8969000e-01
   1.0018000e+00
   1.0013000e+00
   1.0039000e+00
   9.9588000e-01
   9.9704000e-01
   9.9690000e-01
   9.9774000e-01
   9.9765000e-01
   1.0056000e+00
   9.9675000e-01
   9.8184000e-01
   9.7683000e-01
   9.9254000e-01
   9.7695000e-01
   9.9637000e-01
   9.6528000e-01
   9.6816000e-01
   9.5229000e-01
   9.4937000e-01
   9.4278000e-01
   9.4160000e-01
   9.4674000e-01
   9.4416000e-01
   9.4262000e-01
   9.4506000e-01
   9.6502000e-01
   9.6491000e-01
   9.6486000e-01
   9.6623000e-01
   9.6353000e-01
   9.5992000e-01
   9.5972000e-01
   9.5966000e-01
   9.5888000e-01
   9.6853000e-01
   9.6768000e-01
   9.8090000e-01
   9.9058000e-01
   1.0000000e+00
   9.5506000e-01
   9.5618000e-01
   9.8571000e-01
   9.8826000e-01
   9.8646000e-01
   9.9524000e-01
   1.0000000e+00
   9.9493000e-01
   9.9217000e-01
   9.9797000e-01
   9.9722000e-01
   9.9212000e-01
   9.9899000e-01
   9.9776000e-01
   9.9707000e-01
   1.0028000e+00
   1.0030000e+00
   1.0052000e+00
   1.0000000e+00
   1.0000000e+00
   9.9808000e-01
   1.0000000e+00
   1.0007000e+00
   9.5089000e-01
   9.4490000e-01
   9.5647000e-01
   9.6457000e-01
   9.6686000e-01
   1.0000000e+00
   1.0000000e+00
   1.0000000e+00
   9.9800000e-01
   1.0000000e+00
   1.0000000e+00
   1.0000000e+00
   1.0000000e+00
   1.0000000e+00
   1.0000000e+00
   1.0000000e+00
   1.0000000e+00
   1.0000000e+00
   1.0000000e+00
   1.0000000e+00
   1.0000000e+00
   1.0000000e+00
   1.0000000e+00
   9.9694000e-01
   1.0000000e+00
   1.0000000e+00
   1.0000000e+00
   1.0000000e+00
   1.0000000e+00
   9.8653000e-01
   9.8718000e-01
   1.0000000e+00
   1.0000000e+00
   1.0000000e+00
   1.0000000e+00
   1.0000000e+00
   9.9816000e-01
   1.0000000e+00
   1.0000000e+00
   1.0004000e+00
   1.0000000e+00
   9.9929000e-01
   1.0008000e+00
   9.9930000e-01
   1.0000000e+00
   9.9930000e-01
   1.0000000e+00
   1.0000000e+00
   1.0000000e+00
   9.9969000e-01
   1.0000000e+00
   1.0000000e+00
   1.0000000e+00
   1.0000000e+00
   9.9969000e-01
   1.0000000e+00
   1.0000000e+00
   1.0000000e+00
   1.0000000e+00
   1.0000000e+00
   1.0000000e+00
   1.0000000e+00
