43.0000
   37.0000
   34.1000
   33.4000
   37.8000
   37.3000
   26.3000
   43.7000
   38.2000
   56.8000
   79.9000
   71.6000
   26.6000
   24.9000
   23.8000
   53.6000
   49.8000
   48.3000
   26.8000
   25.5000
   60.0000
   20.8000
   62.2000
   77.7000
   22.2000
   21.7000
  126.3000
   20.3000
  107.1000
   17.7000
   20.3000
   33.2000
   28.9000
   31.9000
   30.7000
   31.5000
   27.2000
   27.9000
   17.8000
   18.9000
   17.9000
   21.5000
   20.7000
   18.1000
   45.2000
   43.8000
   42.8000
   39.2000
   31.3000
   34.3000
   34.1000
   38.3000
   39.9000
   46.4000
   40.3000
   46.5000
   23.3000
   21.7000
   21.2000
   19.3000
   22.4000
   63.0000
   50.1000
   59.2000
   57.8000
   65.1000
   88.8000
   86.1000
  121.6000
  113.1000
   40.5000
   46.7000
   40.2000
   49.4000
   17.3000
   17.5000
   18.5000
   67.5000
   66.8000
   32.0000
   30.2000
   27.7000
  159.9000
   19.1000
   17.7000
   26.5000
   26.5000
   21.8000
   22.1000
   27.4000
   25.7000
   22.8000
   23.6000
   28.4000
   22.8000
  180.9000
  195.7000
   84.4000
  116.3000
  153.2000
  133.2000
  110.8000
  101.5000
  116.1000
  189.6000
  110.4000
  120.1000
  111.6000
  125.6000
   27.7000
  109.6000
   28.4000
  132.9000
  118.4000
  110.0000
   81.8000
  110.6000
   96.3000
   52.5000
   59.5000
   50.8000
   52.5000
   56.5000
   64.7000
  128.4000
  104.3000
  126.2000
  113.4000
   27.6000
   27.0000
  132.9000
   28.7000
   35.0000
   21.5000
   17.1000
   31.9000
   35.8000
   30.2000
   28.2000
   20.4000
   18.3000
   19.2000
   19.9000
   21.2000
   18.3000
   22.6000
   22.1000
   19.3000
   19.2000
   22.3000
   40.8000
   43.0000
   44.2000
   41.0000
   43.5000
   40.4000
   40.5000
   37.2000
   23.3000
   26.5000
   24.9000
   26.5000
   26.5000
   25.5000
   23.5000
   26.2000
   29.2000
   73.1000
   79.9000
   25.8000
   24.3000
   26.5000
   22.0000
   20.9000
   21.2000
   24.8000
   21.1000
   26.6000
   20.8000
   24.5000
   20.2000
   17.2000
   47.4000
   20.7000
   28.1000
   20.4000
   44.4000
   17.7000
   21.8000
   26.3000
   20.3000
   41.6000
   19.0000
   26.2000
   22.1000
   19.9000
   21.1000
   20.2000
   24.4000
   24.0000
   24.3000
   20.4000
   28.2000
   17.5000
   26.9000
   25.8000
   21.8000
   16.1000
   27.8000
   17.8000
   25.8000
   22.0000
   18.4000
   17.1000
   17.2000
   15.8000
   17.5000
   17.6000
   16.8000
   17.2000
   18.9000
   17.5000
   46.8000
   19.9000
   17.4000
   17.3000
   51.7000
   54.9000
   22.1000
   19.1000
   16.8000
   45.9000
   49.3000
   15.1000
   16.5000
   17.7000
   17.4000
   20.9000
   20.5000
   21.1000
   18.0000
   18.3000
   16.0000
   15.6000
   17.5000
   17.1000
   18.6000
   16.5000
   19.9000
   17.4000
   17.5000
   15.0000
   15.6000
   17.8000
   18.6000
   18.9000
   20.2000
   18.9000
   20.3000
   16.4000
   16.0000
   21.0000
   17.6000
   18.5000
   17.5000
   16.1000
   29.7000
   29.6000
   34.6000
   33.1000
   31.0000
   17.9000
  119.2000
   82.4000
   48.8000
   41.3000
   46.7000
   43.1000
   48.4000
   46.2000
   55.1000
   48.1000
   46.8000
   48.0000
   49.7000
   56.3000
   19.5000
   93.7000
   63.4000
   49.8000
   49.1000
   41.7000
   38.5000
   41.1000
   17.5000
   39.3000
   54.4000
   39.9000
   42.3000
   75.4000
   42.3000
   16.0000
   70.9000
   52.8000
   51.5000
   45.1000
   37.2000
   30.4000
   40.4000
   20.9000
   18.7000
   42.7000
   39.6000
   34.8000
   29.2000
   43.1000
   29.7000
   30.1000
   31.4000
   28.9000
   21.5000
   24.2000
   30.4000
   20.8000
   16.5000
   26.5000
   19.3000
   20.7000
   26.1000
   25.7000
   21.1000
   22.5000
   25.8000
   19.9000
   19.7000
   21.1000
   16.5000
   25.7000
   28.0000
   17.6000
   28.0000
   26.7000
   22.0000
   23.8000
   27.4000
   19.2000
   18.9000
   17.8000
   17.2000
   16.2000
   20.8000
   19.2000
   18.0000
   20.1000
   20.8000
   15.8000
   29.2000
   19.7000
   24.3000
   18.5000
   20.4000
   31.7000
   30.8000
   17.9000
   25.3000
   22.5000
   19.2000
   16.2000
   16.7000
   18.7000
   18.2000
   18.5000
   15.9000
   26.1000
   25.5000
   26.9000
   24.4000
   23.5000
   18.9000
   35.1000
   62.6000
   37.0000
   36.6000
   21.1000
   18.4000
   18.8000
   38.3000
   22.9000
   22.3000
   21.4000
   22.1000
   20.0000
   21.1000
   22.3000
   27.4000
   23.2000
   27.5000
   47.5000
   25.4000
   19.9000
   38.0000
   39.0000
   65.9000
   27.4000
   68.1000
   27.6000
   29.5000
   25.5000
   29.2000
   24.3000
   23.2000
   29.4000
   23.2000
   21.6000
   18.9000
   27.4000
   29.1000
   56.1000
   76.1000
   45.6000
   51.1000
   24.0000
   17.4000
   45.6000
   38.4000
   26.5000
   26.4000
   25.8000
   27.6000
   20.4000
   22.5000
   16.3000
   25.7000
   24.8000
   24.3000
   15.3000
   19.5000
   16.6000
   19.3000
   16.8000
   16.3000
   19.6000
   15.6000
   15.8000
   16.7000
   19.7000
   19.6000
   17.1000
   18.6000
   16.3000
   16.6000
   26.0000
   37.9000