0   -2.6026    0.0931
         0   -2.2682    0.1319
         0   -0.4776    0.0874
         0   -0.4587   -0.0580
         0   -0.4846   -0.0766
         0   -2.3453   -0.1397
         0   -2.1581   -0.4049
         0   -0.8174    0.1016
         0   -1.5452    0.4050
         0   -1.3619   -0.4138
         0   -1.1534    0.1726
         0   -2.5035    0.2485
         0   -1.2140   -0.6793
         0   -2.0810   -0.2041
         0   -0.6255   -0.0566
         0   -0.6129   -0.1248
         0   -2.4917    0.4096
         0   -0.4721   -0.0085
         0   -0.4807   -0.0243
         0   -0.5169   -0.0736
         0   -0.4933   -0.0482
         0   -2.6884    0.3875
         0   -1.8717    0.1457
         0   -2.2407    0.6800
         0   -2.0983    0.4792
         0   -0.4642    0.0482
         0   -1.9921    0.0539
         0   -0.7687    0.1941
         0   -0.7435    0.1694
         0   -1.7238    0.5865
         0   -0.5389    0.0773
         0   -0.9819   -0.3439
         0   -2.7474    0.6429
         0   -1.6317   -0.5122
         0   -0.2085    0.0065
         0   -2.9629   -0.0301
         0   -1.7505   -0.6631
         0   -1.3792    0.0266
         0   -2.1353    0.4850
         0   -1.9142   -0.6153
         0   -2.3603   -0.3883
         0   -2.4366   -0.9876
         0   -2.7946   -0.1259
         0   -2.7316    0.0443
         0   -2.0684   -0.6357
         0   -2.1471    0.0153
         0   -2.4405   -0.1532
         0   -2.5593    0.0571
         0   -1.4626   -0.3557
         0   -1.5192    0.1359
         0   -2.6474   -0.5559
         0   -2.2305   -0.2305
         0   -2.4161   -0.2047
         0   -1.9299    0.6305
         0   -2.0975    0.0909
         0   -1.7159    0.3617
         0   -1.8300   -0.2563
         0   -2.5814   -0.3239
         0   -2.7710   -0.4423
    4.9140         0         0
         0   -2.6970   -0.7455
         0   -1.5956    0.0308
         0   -2.7324   -0.4270
         0   -1.8174    0.4467
         0   -1.7797   -0.5618
         0   -2.6459    0.4551
    4.6522         0         0
         0   -0.5405   -0.1025
         0   -2.7458    0.1396
         0   -1.7710    0.1050
         0   -1.7088   -0.2169
         0   -2.6537   -0.4886
         0   -2.7198    0.9391
         0   -2.6970    0.1085
         0   -2.3815   -0.8660
         0   -2.5428    0.2746
         0   -1.8276   -0.1387
         0   -1.7128    0.2815
    4.7138         0         0
    3.6806         0         0
         0   -0.2746   -0.0166
    3.3460         0         0
         0   -2.6254   -0.1352
         0   -1.7852    0.0421
         0   -1.9079    0.4350
         0   -1.8245    0.3145
         0   -2.3162   -0.5240
         0   -2.1203   -0.0146
    3.6498         0         0
    3.3082         0         0
    3.5392         0         0
         0   -2.3611   -0.1979
    1.1466         0         0
    4.5290         0         0
    3.7814         0         0
    2.1840         0         0
    2.3352         0         0
    2.7902         0         0
    2.7398         0         0
    2.6502         0         0
    3.0212         0         0
    2.2582         0         0
    3.2984         0         0
    1.9586         0         0
    0.7532         0         0
    0.5180         0         0
         0   -0.9669    0.1458
    3.6400         0         0
    3.0940         0         0
    0.7168         0         0
    1.3006         0         0
    3.1136         0         0
         0   -0.6286    0.0602
         0   -0.5633    0.1468
    3.0464         0         0
    3.3292         0         0
    3.8682         0         0
    4.1132         0         0
    4.5962         0         0
         0   -2.4602   -0.9254
    4.8076         0         0
    4.0880         0         0
         0   -1.2533    0.3172
    4.7054         0         0
         0   -2.5349   -0.1548
         0   -0.2053    0.0430
         0   -1.5373   -0.0273
    3.2634         0         0
         0   -1.5177   -0.0353
    2.8896         0         0
    4.9854         0         0
    4.5430         0         0
         0   -1.0779   -0.0331
    3.0870         0         0
    3.2172         0         0
    4.7068         0         0
    2.4892         0         0
         0   -1.9370   -0.0412
    3.7954         0         0
    2.6432         0         0
    4.7446         0         0
    4.9266         0         0
    4.6606         0         0
    3.4552         0         0
         0         0         0